"{\"models\":[{\"name\":\"do-mail-reset-recent-counter\",\"params\":{},\"meta\":{\"requestAttem"
"pt\":1}}],\"_ckey\":\"Vu05nPdFShhOH4Hy5umCi7F/mlU=!m5i2f04p!wP2kNmwKS9YaZ7w3dLL35ER4VX4=!3\",\""
"_uid\":\"2064807418\",\"_locale\":\"ru\",\"_timestamp\":1735901581008,\"_product\":\"RUS\",\"_"
"connection_id\":\"LIZA-12390077-1735901572153\",\"_exp\":\"539434,0,-1;500420,0,-1;722413,0,-1"
";814988,0,-1;877126,0,-1;924339,0,-1;1030704,0,-1;1103680,0,-1;1104225,0,-1;1105295,0,-1;11511"
"24,0,-1;1162876,0,-1;1163247,0,-1;1170089,0,-1;1174879,0,-1;610121,0,-1;767031,0,-1;848713,0,-"
"1;944321,0,-1;985006,0,-1;1024668,0,-1;1030455,0,-1;1075392,0,-1;1104478,0,-1;1142331,0,-1;115"
"2849,0,-1;1150928,0,-1;1158907,0,-1;1179603,0,-1;1104704,0,-1;1140931,0,-1;985890,0,13;715756,"
"0,52;762607,0,8;705044,0,99;943630,0,12;1160418,0,48;1086206,0,3;261659,0,59;134421,0,43;18883"
"6,0,33;1117098,0,61;1127746,0,3;1183344,0,8;1180242,0,15;1180238,0,76;1180240,0,5\",\"_eexp\":"
"\"539434,0,-1;500420,0,-1;722413,0,-1;814988,0,-1;877126,0,-1;924339,0,-1;1030704,0,-1;1103680"
",0,-1;1104225,0,-1;1105295,0,-1;1151124,0,-1;1162876,0,-1;1163247,0,-1;1170089,0,-1;1174879,0,"
"-1;610121,0,-1;848713,0,-1;944321,0,-1;985006,0,-1;1024668,0,-1;1030455,0,-1;1075392,0,-1;1104"
"478,0,-1;1142331,0,-1;1152849,0,-1;1150928,0,-1;1158907,0,-1;1179603,0,-1;1104704,0,-1;1140931"
",0,-1;985890,0,13;715756,0,52;762607,0,8;705044,0,99;943630,0,12;1160418,0,48;1086206,0,3;2616"
"59,0,59;134421,0,43;188836,0,33;1117098,0,61;1183344,0,8;1180242,0,15;1180238,0,76;1180240,0,5"
"\",\"_service\":\"LIZA\",\"_version\":\"191.1.0\",\"_messages_per_page\":\"30\",\"_mailboxUid\""
":\"\"}"
