"/reqid=LIZA-12390077-1735901572153/table=rum_events/path=690.32/slots=539434,0,-1;500420,0,-1;"
"722413,0,-1;814988,0,-1;877126,0,-1;924339,0,-1;1030704,0,-1;1103680,0,-1;1104225,0,-1;1105295"
",0,-1;1151124,0,-1;1162876,0,-1;1163247,0,-1;1170089,0,-1;1174879,0,-1;610121,0,-1;848713,0,-1"
";944321,0,-1;985006,0,-1;1024668,0,-1;1030455,0,-1;1075392,0,-1;1104478,0,-1;1142331,0,-1;1152"
"849,0,-1;1150928,0,-1;1158907,0,-1;1179603,0,-1;1104704,0,-1;1140931,0,-1;985890,0,13;715756,0"
",52;762607,0,8;705044,0,99;943630,0,12;1160418,0,48;1086206,0,3;261659,0,59;134421,0,43;188836"
",0,33;1117098,0,61;1183344,0,8;1180242,0,15;1180238,0,76;1180240,0,5/vars=-env=production,-pro"
"ject=liza,-service=ads,-platform=desktop,-experiments=save-to-disk-button%3Breact-client-setup"
"-collectors%3Bpartly-disable-adv%3Breact-layout%3Badv-exist%3Bweb_promo_onboarding_subscriptio"
"n%3Bweb_promo_onboarding_beautiful_email%3Bpdd-restrict%3Bweb_payment_problem_exp%3Bweb-tuning"
"-kz%3Bholiday_settings%3Bextended_timezones_list2%3Bextended_timezones_list%3Breply_message_wi"
"th_info%3Bextended_timezones_list3%3Bcalendar_new_timezones%3Bcalendar_module_federation%3Bcal"
"endar_more_grid_event_info%3Bopt-in-popup-promo%3Bux-feedback-prevent-reruns%3Bweb-disable-bac"
"kup-creation%3Bweb-hide-backup%3Bweb-remove-backup%3Bgmail-app-passwords%3Bweb-editor-sort-att"
"ributes%3Bweb-new-user-block%3Bweb_mail_b2b_outer_contacts%3Bweb_mail_b2b_outer_contacts_for_a"
"ll%3Bweb-outdated-browser%3Bweb-ckeditor-xss-fix%3Bweb_ai_mail_opt_out%3Bweb-allow-copy-recipi"
"ents%3Bweb-support-chat%3Bweb_ads%3Bweb-right-column-ads%3Bweb-ads-render-upgrade%3Bweb-right-"
"column-ads-compose%3Bweb-shared-mailboxes-permissions%3Bcalendar_copy_event_attendees%3Btest_e"
"xp%3Bspeedup,-version=191.1.0,-yandexuid=9903672511735901413,-referrer=https%3A%2F%2Fmail.yand"
"ex.ru%2F%3Fuid%3D2064807418%23tabs%2Frelevant,-additional=%7B%22uid%22%3A%222064807418%22%2C%2"
"2blockName%22%3A%22messages-direct%22%2C%22blockId%22%3A%22R-I-92550-2165%22%2C%22statId%22%3A"
"70%2C%22lifetime%22%3A14098%2C%22trigger%22%3A%22after-page-load%22%2C%22pageName%22%3A%22mess"
"ages%22%7D,-ts=1735901584288,-type=string,-name=adShow/cts=1735901584288/*\r\n"
"/reqid=LIZA-12390077-1735901572153/path=690.2096.2877/slots=539434,0,-1;500420,0,-1;722413,0,-"
"1;814988,0,-1;877126,0,-1;924339,0,-1;1030704,0,-1;1103680,0,-1;1104225,0,-1;1105295,0,-1;1151"
"124,0,-1;1162876,0,-1;1163247,0,-1;1170089,0,-1;1174879,0,-1;610121,0,-1;848713,0,-1;944321,0,"
"-1;985006,0,-1;1024668,0,-1;1030455,0,-1;1075392,0,-1;1104478,0,-1;1142331,0,-1;1152849,0,-1;1"
"150928,0,-1;1158907,0,-1;1179603,0,-1;1104704,0,-1;1140931,0,-1;985890,0,13;715756,0,52;762607"
",0,8;705044,0,99;943630,0,12;1160418,0,48;1086206,0,3;261659,0,59;134421,0,43;188836,0,33;1117"
"098,0,61;1183344,0,8;1180242,0,15;1180238,0,76;1180240,0,5/vars=143=28.176.2048,287=213,-proje"
"ct=liza,-platform=desktop,-version=191.1.0,143.2129=1735901570190,1701=Performance_showAdTop,2"
"07.2154=-0.6,207.1428=14098.4,2877=14099,-cdn=mskstoredata/cts=1735901584288/*\r\n"
"/reqid=LIZA-12390077-1735901572153/path=690.2096.207/slots=539434,0,-1;500420,0,-1;722413,0,-1"
";814988,0,-1;877126,0,-1;924339,0,-1;1030704,0,-1;1103680,0,-1;1104225,0,-1;1105295,0,-1;11511"
"24,0,-1;1162876,0,-1;1163247,0,-1;1170089,0,-1;1174879,0,-1;610121,0,-1;848713,0,-1;944321,0,-"
"1;985006,0,-1;1024668,0,-1;1030455,0,-1;1075392,0,-1;1104478,0,-1;1142331,0,-1;1152849,0,-1;11"
"50928,0,-1;1158907,0,-1;1179603,0,-1;1104704,0,-1;1140931,0,-1;985890,0,13;715756,0,52;762607,"
"0,8;705044,0,99;943630,0,12;1160418,0,48;1086206,0,3;261659,0,59;134421,0,43;188836,0,33;11170"
"98,0,61;1183344,0,8;1180242,0,15;1180238,0,76;1180240,0,5/vars=143=28.176.2048,287=213,-projec"
"t=liza,-platform=desktop,-version=191.1.0,143.2129=1735901570190,1701=2046.3431.2154,207=10556"
".5,2924=3431.77,2925=0,689.2322=0.001,-cdn=mskstoredata/cts=1735901584289/*\r\n"
"/reqid=LIZA-12390077-1735901572153/path=690.2096.207/slots=539434,0,-1;500420,0,-1;722413,0,-1"
";814988,0,-1;877126,0,-1;924339,0,-1;1030704,0,-1;1103680,0,-1;1104225,0,-1;1105295,0,-1;11511"
"24,0,-1;1162876,0,-1;1163247,0,-1;1170089,0,-1;1174879,0,-1;610121,0,-1;848713,0,-1;944321,0,-"
"1;985006,0,-1;1024668,0,-1;1030455,0,-1;1075392,0,-1;1104478,0,-1;1142331,0,-1;1152849,0,-1;11"
"50928,0,-1;1158907,0,-1;1179603,0,-1;1104704,0,-1;1140931,0,-1;985890,0,13;715756,0,52;762607,"
"0,8;705044,0,99;943630,0,12;1160418,0,48;1086206,0,3;261659,0,59;134421,0,43;188836,0,33;11170"
"98,0,61;1183344,0,8;1180242,0,15;1180238,0,76;1180240,0,5/vars=143=28.176.2048,287=213,-projec"
"t=liza,-platform=desktop,-version=191.1.0,143.2129=1735901570190,1701=2046.3431.1428,207=14098"
",2924=3431.77,2925=0,689.2322=0.001,-cdn=mskstoredata/cts=1735901584289/*\r\n"
"/reqid=LIZA-12390077-1735901572153/path=690.2096.2877/slots=539434,0,-1;500420,0,-1;722413,0,-"
"1;814988,0,-1;877126,0,-1;924339,0,-1;1030704,0,-1;1103680,0,-1;1104225,0,-1;1105295,0,-1;1151"
"124,0,-1;1162876,0,-1;1163247,0,-1;1170089,0,-1;1174879,0,-1;610121,0,-1;848713,0,-1;944321,0,"
"-1;985006,0,-1;1024668,0,-1;1030455,0,-1;1075392,0,-1;1104478,0,-1;1142331,0,-1;1152849,0,-1;1"
"150928,0,-1;1158907,0,-1;1179603,0,-1;1104704,0,-1;1140931,0,-1;985890,0,13;715756,0,52;762607"
",0,8;705044,0,99;943630,0,12;1160418,0,48;1086206,0,3;261659,0,59;134421,0,43;188836,0,33;1117"
"098,0,61;1183344,0,8;1180242,0,15;1180238,0,76;1180240,0,5/vars=143=28.176.2048,287=213,-proje"
"ct=liza,-platform=desktop,-version=191.1.0,143.2129=1735901570190,1701=2046.3431,207.2154=1055"
"7.5,207.1428=14099,2877=3541.5,2924=3431.77,2925=0,689.2322=0.001,-cdn=mskstoredata/cts=173590"
"1584289/*\r\n"
"/reqid=LIZA-12390077-1735901572153/path=690.2096.2877/slots=539434,0,-1;500420,0,-1;722413,0,-"
"1;814988,0,-1;877126,0,-1;924339,0,-1;1030704,0,-1;1103680,0,-1;1104225,0,-1;1105295,0,-1;1151"
"124,0,-1;1162876,0,-1;1163247,0,-1;1170089,0,-1;1174879,0,-1;610121,0,-1;848713,0,-1;944321,0,"
"-1;985006,0,-1;1024668,0,-1;1030455,0,-1;1075392,0,-1;1104478,0,-1;1142331,0,-1;1152849,0,-1;1"
"150928,0,-1;1158907,0,-1;1179603,0,-1;1104704,0,-1;1140931,0,-1;985890,0,13;715756,0,52;762607"
",0,8;705044,0,99;943630,0,12;1160418,0,48;1086206,0,3;261659,0,59;134421,0,43;188836,0,33;1117"
"098,0,61;1183344,0,8;1180242,0,15;1180238,0,76;1180240,0,5/vars=143=28.176.2048,287=213,-proje"
"ct=liza,-platform=desktop,-version=191.1.0,143.2129=1735901570190,1701=2046.3431.791.3178,207."
"2154=10814.7,207.1428=14099,2877=3284.3,2924=3431.77,2925=0,689.2322=0.001,-cdn=mskstoredata/c"
"ts=1735901584289/*/reqid=LIZA"
