"/reqid=LIZA-12390077-1735901572153/path=690.2096.207/slots=539434,0,-1;500420,0,-1;722413,0,-1"
";814988,0,-1;877126,0,-1;924339,0,-1;1030704,0,-1;1103680,0,-1;1104225,0,-1;1105295,0,-1;11511"
"24,0,-1;1162876,0,-1;1163247,0,-1;1170089,0,-1;1174879,0,-1;610121,0,-1;848713,0,-1;944321,0,-"
"1;985006,0,-1;1024668,0,-1;1030455,0,-1;1075392,0,-1;1104478,0,-1;1142331,0,-1;1152849,0,-1;11"
"50928,0,-1;1158907,0,-1;1179603,0,-1;1104704,0,-1;1140931,0,-1;985890,0,13;715756,0,52;762607,"
"0,8;705044,0,99;943630,0,12;1160418,0,48;1086206,0,3;261659,0,59;134421,0,43;188836,0,33;11170"
"98,0,61;1183344,0,8;1180242,0,15;1180238,0,76;1180240,0,5/vars=143=28.176.2048,287=213,-projec"
"t=liza,-platform=desktop,-version=191.1.0,143.2129=1735901570190,1701=1724,207=15958.4,-cdn=ms"
"kstoredata/cts=1735901586148/*\r\n"
"/reqid=LIZA-12390077-1735901572153/path=690.2096.2892/slots=539434,0,-1;500420,0,-1;722413,0,-"
"1;814988,0,-1;877126,0,-1;924339,0,-1;1030704,0,-1;1103680,0,-1;1104225,0,-1;1105295,0,-1;1151"
"124,0,-1;1162876,0,-1;1163247,0,-1;1170089,0,-1;1174879,0,-1;610121,0,-1;848713,0,-1;944321,0,"
"-1;985006,0,-1;1024668,0,-1;1030455,0,-1;1075392,0,-1;1104478,0,-1;1142331,0,-1;1152849,0,-1;1"
"150928,0,-1;1158907,0,-1;1179603,0,-1;1104704,0,-1;1140931,0,-1;985890,0,13;715756,0,52;762607"
",0,8;705044,0,99;943630,0,12;1160418,0,48;1086206,0,3;261659,0,59;134421,0,43;188836,0,33;1117"
"098,0,61;1183344,0,8;1180242,0,15;1180238,0,76;1180240,0,5/vars=143=28.176.2048,287=213,-proje"
"ct=liza,-platform=desktop,-version=191.1.0,2116=560.6,2114=4.1,2886=1026278,2124=15958.2,2131="
"3829.1,2123=3823.4,2770=3679.7,2113=3.6,2112=3.6,2136=0,2887=274259,2888=navigation,2111=3.6,2"
"889=navigation,2126=0,2125=15958.4,2890=http%2F1.1,1385=0,2110=0,2109=0,2117=560.6,2120=3679.2"
",2119=2322.3,2115=4.1,2322=0,2323=274559,76=navigate,2128=0,2127=0,2137=0,2437=2771,2870=4g,rt"
"t=50,dwl=4.8,rawType=undefined,-cdn=mskstoredata/cts=1735901586149/*\r\n"
"/reqid=LIZA-12390077-1735901572153/path=690.2096.207/slots=539434,0,-1;500420,0,-1;722413,0,-1"
";814988,0,-1;877126,0,-1;924339,0,-1;1030704,0,-1;1103680,0,-1;1104225,0,-1;1105295,0,-1;11511"
"24,0,-1;1162876,0,-1;1163247,0,-1;1170089,0,-1;1174879,0,-1;610121,0,-1;848713,0,-1;944321,0,-"
"1;985006,0,-1;1024668,0,-1;1030455,0,-1;1075392,0,-1;1104478,0,-1;1142331,0,-1;1152849,0,-1;11"
"50928,0,-1;1158907,0,-1;1179603,0,-1;1104704,0,-1;1140931,0,-1;985890,0,13;715756,0,52;762607,"
"0,8;705044,0,99;943630,0,12;1160418,0,48;1086206,0,3;261659,0,59;134421,0,43;188836,0,33;11170"
"98,0,61;1183344,0,8;1180242,0,15;1180238,0,76;1180240,0,5/vars=143=28.176.2048,287=213,-projec"
"t=liza,-platform=desktop,-version=191.1.0,143.2129=1735901570190,1701=largest-loading-elem-pai"
"nt,207=15432.6,-cdn=mskstoredata/cts=1735901586151/*"
