"/reqid=LIZA-12390077-1735901572153/path=690.2096.361/slots=539434,0,-1;500420,0,-1;722413,0,-1"
";814988,0,-1;877126,0,-1;924339,0,-1;1030704,0,-1;1103680,0,-1;1104225,0,-1;1105295,0,-1;11511"
"24,0,-1;1162876,0,-1;1163247,0,-1;1170089,0,-1;1174879,0,-1;610121,0,-1;848713,0,-1;944321,0,-"
"1;985006,0,-1;1024668,0,-1;1030455,0,-1;1075392,0,-1;1104478,0,-1;1142331,0,-1;1152849,0,-1;11"
"50928,0,-1;1158907,0,-1;1179603,0,-1;1104704,0,-1;1140931,0,-1;985890,0,13;715756,0,52;762607,"
"0,8;705044,0,99;943630,0,12;1160418,0,48;1086206,0,3;261659,0,59;134421,0,43;188836,0,33;11170"
"98,0,61;1183344,0,8;1180242,0,15;1180238,0,76;1180240,0,5/vars=143=28.176.2048,287=213,-projec"
"t=liza,-platform=desktop,-version=191.1.0,d=yastatic.net-css!20!509265;avatars.mds.yandex.net-"
"!9!0;yastatic.net-js!75!3110296;mail.yandex.ru-!20!618340;mc.yandex.ru-!6!0;yandex.ru-!17!7434"
"8;yandex.ru-js!2!114182;mc.yandex.ru-js!1!0;mail.yandex.ru-txt!2!676;yastatic.net-ogg!1!25038;"
"mc.yandex.md-!1!0;mc.yandex.ru-html!1!0;yastatic.net-!1!26304;yastatic.net-svg!1!903;an.yandex"
".ru-!5!1600;favicon.yandex.net-ru!3!0;favicon.yandex.net-com!1!0;mail.yandex.ru-png!1!900;stat"
"ic-mon.yandex.net-js!2!0;,t=30962.2,-cdn=mskstoredata/cts=1735901601152/*"
