"{\"models\":[{\"name\":\"do-settings\",\"params\":{\"params\":\"{\\\"storedComposeStates\\\":\\"
"\"%5B%7B%22params%22%3A%7B%22ids%22%3A%22188306759419428879%22%2C%22mailboxUid%22%3Anull%7D%2C"
"%22miniData%22%3A%7B%22avatar%22%3A%7B%22url%22%3A%22%2F%2Favatars.mds.yandex.net%2Fget-yapic%"
"2F36777%2F0r-6%2Fislands-200%22%2C%22color%22%3A%22%2356bf68%22%2C%22monogram%22%3A%22BE%22%2C"
"%22valid%22%3Atrue%7D%2C%22subject%22%3A%22666%22%2C%22lastSaved%22%3A1735901688359%2C%22recip"
"ients%22%3A1%7D%2C%22mailboxUid%22%3Anull%7D%2C%7B%22params%22%3A%7B%22ids%22%3A%2218830675941"
"9428865%22%2C%22mailboxUid%22%3Anull%7D%2C%22miniData%22%3A%7B%22avatar%22%3A%7B%22url%22%3A%2"
"2%22%2C%22color%22%3A%22%23b8c1d9%22%2C%22monogram%22%3A%22NO%22%2C%22valid%22%3Atrue%7D%2C%22"
"subject%22%3A%22%22%2C%22lastSaved%22%3A1735406272376%2C%22recipients%22%3A1%7D%2C%22mailboxUi"
"d%22%3Anull%7D%5D\\\"}\"},\"meta\":{\"requestAttempt\":1}},{\"name\":\"settings\",\"params\":{"
"\"actual\":\"true\",\"list\":\"storedComposeStates\"},\"meta\":{\"requestAttempt\":1}}],\"_cke"
"y\":\"Vu05nPdFShhOH4Hy5umCi7F/mlU=!m5i2f04p!wP2kNmwKS9YaZ7w3dLL35ER4VX4=!3\",\"_uid\":\"206480"
"7418\",\"_locale\":\"ru\",\"_timestamp\":1735901688235,\"_product\":\"RUS\",\"_connection_id\""
":\"LIZA-12390077-1735901572153\",\"_exp\":\"539434,0,-1;500420,0,-1;722413,0,-1;814988,0,-1;87"
"7126,0,-1;924339,0,-1;1030704,0,-1;1103680,0,-1;1104225,0,-1;1105295,0,-1;1151124,0,-1;1162876"
",0,-1;1163247,0,-1;1170089,0,-1;1174879,0,-1;610121,0,-1;767031,0,-1;848713,0,-1;944321,0,-1;9"
"85006,0,-1;1024668,0,-1;1030455,0,-1;1075392,0,-1;1104478,0,-1;1142331,0,-1;1152849,0,-1;11509"
"28,0,-1;1158907,0,-1;1179603,0,-1;1104704,0,-1;1140931,0,-1;985890,0,13;715756,0,52;762607,0,8"
";705044,0,99;943630,0,12;1160418,0,48;1086206,0,3;261659,0,59;134421,0,43;188836,0,33;1117098,"
"0,61;1127746,0,3;1183344,0,8;1180242,0,15;1180238,0,76;1180240,0,5\",\"_eexp\":\"539434,0,-1;5"
"00420,0,-1;722413,0,-1;814988,0,-1;877126,0,-1;924339,0,-1;1030704,0,-1;1103680,0,-1;1104225,0"
",-1;1105295,0,-1;1151124,0,-1;1162876,0,-1;1163247,0,-1;1170089,0,-1;1174879,0,-1;610121,0,-1;"
"848713,0,-1;944321,0,-1;985006,0,-1;1024668,0,-1;1030455,0,-1;1075392,0,-1;1104478,0,-1;114233"
"1,0,-1;1152849,0,-1;1150928,0,-1;1158907,0,-1;1179603,0,-1;1104704,0,-1;1140931,0,-1;985890,0,"
"13;715756,0,52;762607,0,8;705044,0,99;943630,0,12;1160418,0,48;1086206,0,3;261659,0,59;134421,"
"0,43;188836,0,33;1117098,0,61;1183344,0,8;1180242,0,15;1180238,0,76;1180240,0,5\",\"_service\""
":\"LIZA\",\"_version\":\"191.1.0\",\"_messages_per_page\":\"30\",\"_mailboxUid\":\"\"}"
