"/reqid=LIZA-12390077-1735901572153/path=690.1033/slots=539434,0,-1;500420,0,-1;722413,0,-1;814"
"988,0,-1;877126,0,-1;924339,0,-1;1030704,0,-1;1103680,0,-1;1104225,0,-1;1105295,0,-1;1151124,0"
",-1;1162876,0,-1;1163247,0,-1;1170089,0,-1;1174879,0,-1;610121,0,-1;848713,0,-1;944321,0,-1;98"
"5006,0,-1;1024668,0,-1;1030455,0,-1;1075392,0,-1;1104478,0,-1;1142331,0,-1;1152849,0,-1;115092"
"8,0,-1;1158907,0,-1;1179603,0,-1;1104704,0,-1;1140931,0,-1;985890,0,13;715756,0,52;762607,0,8;"
"705044,0,99;943630,0,12;1160418,0,48;1086206,0,3;261659,0,59;134421,0,43;188836,0,33;1117098,0"
",61;1183344,0,8;1180242,0,15;1180238,0,76;1180240,0,5/vars=143=28.176.2048,287=213,-project=li"
"za,-platform=desktop,-version=191.1.0,2129=1735901570190,1036=4,1037=0,1038=557,1383=557,1039="
"1761,1040=1357,1040.906=3675,1310.2084=6,1310.2085=1358,1310.1309=6,1310.1007=1501,3140=8,3141"
"=20,2116=561,2114=4,2131=3829,2123=3823,2770=3680,2769=2328,2113=4,2112=4,2111=4,2117=561,2120"
"=3679,2119=2322,2115=4,1484=1,2437=2771,2870=4g,rtt=50,dwl=4.8,rawType=undefined,-cdn=mskstore"
"data/cts=1735901574025/*\r\n"
"/reqid=LIZA-12390077-1735901572153/path=690.2096.207/slots=539434,0,-1;500420,0,-1;722413,0,-1"
";814988,0,-1;877126,0,-1;924339,0,-1;1030704,0,-1;1103680,0,-1;1104225,0,-1;1105295,0,-1;11511"
"24,0,-1;1162876,0,-1;1163247,0,-1;1170089,0,-1;1174879,0,-1;610121,0,-1;848713,0,-1;944321,0,-"
"1;985006,0,-1;1024668,0,-1;1030455,0,-1;1075392,0,-1;1104478,0,-1;1142331,0,-1;1152849,0,-1;11"
"50928,0,-1;1158907,0,-1;1179603,0,-1;1104704,0,-1;1140931,0,-1;985890,0,13;715756,0,52;762607,"
"0,8;705044,0,99;943630,0,12;1160418,0,48;1086206,0,3;261659,0,59;134421,0,43;188836,0,33;11170"
"98,0,61;1183344,0,8;1180242,0,15;1180238,0,76;1180240,0,5/vars=143=28.176.2048,287=213,-projec"
"t=liza,-platform=desktop,-version=191.1.0,143.2129=1735901570190,1701=1926.2793,207=3238.7,-cd"
"n=mskstoredata/cts=1735901574026/*\r\n"
"/reqid=LIZA-12390077-1735901572153/path=690.2096.207/slots=539434,0,-1;500420,0,-1;722413,0,-1"
";814988,0,-1;877126,0,-1;924339,0,-1;1030704,0,-1;1103680,0,-1;1104225,0,-1;1105295,0,-1;11511"
"24,0,-1;1162876,0,-1;1163247,0,-1;1170089,0,-1;1174879,0,-1;610121,0,-1;848713,0,-1;944321,0,-"
"1;985006,0,-1;1024668,0,-1;1030455,0,-1;1075392,0,-1;1104478,0,-1;1142331,0,-1;1152849,0,-1;11"
"50928,0,-1;1158907,0,-1;1179603,0,-1;1104704,0,-1;1140931,0,-1;985890,0,13;715756,0,52;762607,"
"0,8;705044,0,99;943630,0,12;1160418,0,48;1086206,0,3;261659,0,59;134421,0,43;188836,0,33;11170"
"98,0,61;1183344,0,8;1180242,0,15;1180238,0,76;1180240,0,5/vars=143=28.176.2048,287=213,-projec"
"t=liza,-platform=desktop,-version=191.1.0,143.2129=1735901570190,1701=1926.2794,207=3238.7,-cd"
"n=mskstoredata/cts=1735901574026/*"
